gap extension gap_opening true_pos false_pos_num false_post_rate
3 1 3601.5 12 0.24
2 19 408.2 18 0.36
2 14 479.5 14 0.28
4 2 1030.8 15 0.3
2 1 5866.4 16 0.32
1 1 10498.4 20 0.4
1 18 482.69999999999993 14 0.28
1 15 550.4 18 0.36
4 15 393.59999999999997 18 0.36
4 18 386.69999999999993 19 0.38
3 11 503.8 14 0.28
3 12 438.79999999999995 16 0.32
4 16 393.29999999999995 18 0.36
1 2 8564.3 19 0.38
1 16 506.4 14 0.28
4 1 1416.2 17 0.34
2 2 4900.0 14 0.28
2 17 425.4 18 0.36
3 2 2677.7 14 0.28
2 4 3471.9 13 0.26
4 7 548.5 13 0.26
2 9 761.5 11 0.22
2 11 595.9 14 0.28
3 9 553.3 13 0.26
3 4 1014.4 16 0.32
3 14 425.4 18 0.36
3 19 386.69999999999993 19 0.38
4 10 434.8 16 0.32
1 10 1285.3 17 0.34
1 4 6568.5 15 0.3
1 9 2610.7999999999997 11 0.22
1 13 783.9 10 0.2
1 7 3951.6000000000004 13 0.26
4 13 425.4 18 0.36
3 17 401.6 17 0.34
3 7 705.8999999999999 12 0.24
2 12 555.8 13 0.26
4 9 445.79999999999995 17 0.34
2 7 998.2 15 0.3
4 4 760.1 8 0.16
4 12 425.4 18 0.36
3 16 408.2 18 0.36
1 12 813.7 12 0.24
1 6 4283.0 15 0.3
4 8 513.7 14 0.28
4 5 735.5 9 0.18
2 6 1612.0 13 0.26
3 6 776.8 9 0.18
2 13 525.4 13 0.26
3 8 627.4 13 0.26
2 10 627.4 14 0.28
3 5 866.6 14 0.28
4 6 608.1999999999999 14 0.28
2 5 2100.2999999999997 16 0.32
2 8 875.5999999999999 12 0.24
1 11 1003.7 14 0.28
1 5 5170.3 15 0.3
1 8 3416.0 13 0.26
3 15 425.4 18 0.36
4 11 425.4 17 0.34
3 18 393.29999999999995 18 0.36
1 3 7335.0 18 0.36
1 17 507.79999999999995 13 0.26
3 13 425.4 17 0.34
4 17 386.69999999999993 19 0.38
2 16 434.8 17 0.34
3 3 1876.6999999999998 13 0.26
2 3 4185.0 13 0.26
4 3 818.5999999999999 11 0.22
2 18 408.2 18 0.36
2 15 468.69999999999993 16 0.32
4 14 401.6 17 0.34
3 10 559.1 12 0.24
4 19 399.5 18 0.36
1 19 441.4 17 0.34
1 14 638.0 14 0.28
