scoring/MATIOpos_output.txt [ 27795.  14146.  19836.   5928.  26831.   3247. 119342.  13503.  10868.
  10020.  12956.  10328.  30438.  22874.  14174.  38597.  26762. 147350.
  86831. 135193. 135478.  67653.  45954.  46050.   6735.  33699. 120899.
  58390.  26157.  25080.  29072.  40710.  21151.  52685.  69843.  17382.
  83701.  31136.  32191.  21528.  21597.  14325.  13941.  38633.  21698.
  19815. 121273.  34322.   2280.   2475.]
scoring/PAM100pos_output.txt [169.  31. 194. 352. 166. 162. 139.  85.  32.  81. 195.  43.  44.  68.
 244. 256. 202. 160.  99. 356. 367. 241.  69. 639. 183. 211. 221. 155.
 144. 213. 498. 606. 150. 529. 104. 903.  64. 192. 216. 155.  67.  79.
 130. 167. 113. 162.  75.  24.  64. 147.]
scoring/BLOSUM50pos_output.txt [ 265.  123.  253. 1195.  604. 1090. 2153.  286.   44.   61. 1634.  305.
  197. 2728.  654. 1262.  527.  587.  200. 1382. 2418.  499.  222.  933.
  388.  404.  743.  751. 1240.  444. 2587. 1388.  223.  667.  508. 1522.
  250.  240.  853.  674.   93.  321.  680. 1659. 2422.  317.  375.   78.
  623. 1449.]
scoring/PAM250pos_output.txt [ 3445.  2259.   952.  1633.  2620.   280.  2479.  2076.   738.    89.
  2518.  1176.  3793.   775.  4830.  1186.   992.  8741.  4136.  8496.
  2336.  4681.  2648.  5029.  3004.  1883.  2903.  2273.  1578.  1178.
   729.  1291.  2275.   903.  3998.  2328.  1118.  1836.  1242.   678.
  1456.  1094.  1324.  1219.  7098.   979.  6066. 21945.   918.  1581.]
scoring/BLOSUM62pos_output.txt [  508.  1281.   716.  2047.   606.   271.   465.   370.   399.    89.
   232.   710.   972.   380.  3372.    84.   210.   603.   579.   827.
   749.   199.   721.  1182.  1749.   340.   705.   373.   182.   447.
   481.   280.  2001.   747.   168.  1331.   551.   344.   146.   171.
   188.   160.   282.  3859.  4647.   295.   311. 21873.   654.   129.]
